29.4195  2.39657  58.0472
26.7009  -8.14199  64.5779
25.7061  -3.76173  56.3648
29.778  -5.20111  55.8046
29.7783  -1.12082  58.2622
38.1233  2.97573  45.9613
31.5014  0.526375  45.62
28.5103  3.63294  51.2804
28.108  -1.93363  50.721
29.5328  -3.52572  52.4555
36.4377  -5.16707  48.556
26.3015  -12.4479  56.8098
37.5005  -1.58815  52.5889
30.709  -7.16588  59.9848
29.6957  7.47461  50.1529
30.9253  -4.95032  55.4215
35.2023  2.99277  50.2026
41.2127  -1.74579  47.5514
37.1096  17.4325  46.6928
34.3914  0.0737371  49.7863
36.1797  0.373803  44.3058
43.4556  17.6001  43.573
33.1908  -2.54703  50.4158
27.6639  -7.38402  53.7125
32.3734  -0.311298  46.587
30.3161  -5.27291  55.2661
27.972  -3.86517  54.5376
31.0018  3.26151  51.1103
31.5242  -4.81746  50.8839
